FAKTOR KALBRASI:
FIB	    : 12.1604963 v
FT	    : 12.244260 v  -
FISIP	: 12.2066126 v  -
FPsi	: 12.3382398 v
TPST	: 12.259820 v  - 
FKM	    : 12.01 v
FSM     : 12.162798 // new
FK      : 12.065749 //new
FEB     : 12.006349 // new
