FAKTOR KALBRASI:
FT	    : 12.1604963
FKM	    : 12.244260
FISIP	: 12.2066126
FPsi	: 12.3382398
TPST	: 12.259820
FIB	    : 12.01